ClueGame 84 2 103 14.452
2 2 2 2 2 2 2 2 2 2 2 2 2 2 2 2 2 2 2 2 2 2 2 2 2 2 2 2 2 2 2 2 2 2 2 2 2 2 2 2 2 2 2 2 2 2 2 2 2 2 2 2 2 2 2 2 2 2 2 2 2 2 2 2 2 2 2 2 2 2 2 2 2 2 2 2 2 2 2 2 2 2 2 2
1 0 0 2
0 0.0000
1 14.452
1 1 0 2
0 0.40547
1 1.0986
1 2 0 2
0 0.40547
1 1.0986
1 3 0 2
0 0.0000
1 14.452
1 4 0 2
0 0.40547
1 1.0986
1 5 0 2
0 0.0000
1 14.452
1 6 0 2
0 0.0000
1 14.452
1 7 0 2
0 0.0000
1 14.452
1 8 0 2
0 0.0000
1 14.452
1 9 0 2
0 0.0000
1 14.452
1 10 0 2
0 1.0986
1 0.40547
1 11 0 2
0 0.40547
1 1.0986
1 12 0 2
0 0.0000
1 14.452
1 13 0 2
0 0.0000
1 14.452
1 14 0 2
0 0.0000
1 14.452
1 15 0 2
0 0.0000
1 14.452
1 16 0 2
0 0.0000
1 14.452
1 17 0 2
0 1.0986
1 0.40547
1 18 0 2
0 0.40547
1 1.0986
1 19 0 2
0 0.0000
1 14.452
1 20 0 2
0 0.0000
1 14.452
1 21 0 2
0 0.0000
1 14.452
1 22 0 2
0 14.452
1 0.0000
1 23 0 2
0 0.0000
1 14.452
1 24 0 2
0 0.0000
1 14.452
1 25 0 2
0 0.0000
1 14.452
1 26 0 2
0 0.0000
1 14.452
1 27 0 2
0 0.0000
1 14.452
1 28 0 2
0 14.452
1 0.0000
1 29 0 2
0 0.0000
1 14.452
1 30 0 2
0 0.0000
1 14.452
1 31 0 2
0 0.0000
1 14.452
1 32 0 2
0 0.0000
1 14.452
1 33 0 2
0 0.0000
1 14.452
1 34 0 2
0 0.0000
1 14.452
1 35 0 2
0 14.452
1 0.0000
1 36 0 2
0 0.0000
1 14.452
1 37 0 2
0 0.0000
1 14.452
1 38 0 2
0 0.0000
1 14.452
1 39 0 2
0 0.0000
1 14.452
1 40 0 2
0 0.0000
1 14.452
1 41 0 2
0 0.0000
1 14.452
1 42 0 2
0 14.452
1 0.0000
1 43 0 2
0 0.0000
1 14.452
1 44 0 2
0 0.0000
1 14.452
1 45 0 2
0 0.0000
1 14.452
1 46 0 2
0 0.0000
1 14.452
1 47 0 2
0 0.0000
1 14.452
1 48 0 2
0 0.0000
1 14.452
1 49 0 2
0 0.0000
1 14.452
1 50 0 2
0 0.0000
1 14.452
1 51 0 2
0 0.0000
1 14.452
1 52 0 2
0 0.0000
1 14.452
1 53 0 2
0 0.0000
1 14.452
1 54 0 2
0 14.452
1 0.0000
1 55 0 2
0 0.0000
1 14.452
1 56 0 2
0 0.0000
1 14.452
1 57 0 2
0 0.0000
1 14.452
1 58 0 2
0 0.0000
1 14.452
1 59 0 2
0 0.0000
1 14.452
1 60 0 2
0 0.0000
1 14.452
1 61 0 2
0 0.0000
1 14.452
1 62 0 2
0 0.69315
1 0.69315
1 63 0 2
0 0.0000
1 14.452
1 64 0 2
0 0.18232
1 1.7918
1 65 0 2
0 0.18232
1 1.7918
1 66 0 2
0 0.18232
1 1.7918
1 67 0 2
0 0.0000
1 14.452
1 68 0 2
0 0.0000
1 14.452
1 69 0 2
0 0.69315
1 0.69315
1 70 0 2
0 0.0000
1 14.452
1 71 0 2
0 0.0000
1 14.452
1 72 0 2
0 0.0000
1 14.452
1 73 0 2
0 14.452
1 0.0000
1 74 0 2
0 0.0000
1 14.452
1 75 0 2
0 0.0000
1 14.452
1 76 0 2
0 0.0000
1 14.452
1 77 0 2
0 0.0000
1 14.452
1 78 0 2
0 0.0000
1 14.452
1 79 0 2
0 14.452
1 0.0000
1 80 0 2
0 0.0000
1 14.452
1 81 0 2
0 0.0000
1 14.452
1 82 0 2
0 0.0000
1 14.452
1 83 0 2
0 0.0000
1 14.452
7 0 1 2 3 4 5 6 14.452 7
1 0 0 0 0 0 0 0
0 1 0 0 0 0 0 0
0 0 1 0 0 0 0 0
0 0 0 1 0 0 0 0
0 0 0 0 1 0 0 0
0 0 0 0 0 1 0 0
0 0 0 0 0 0 1 0
7 7 8 9 10 11 12 13 14.452 7
1 0 0 0 0 0 0 0
0 1 0 0 0 0 0 0
0 0 1 0 0 0 0 0
0 0 0 1 0 0 0 0
0 0 0 0 1 0 0 0
0 0 0 0 0 1 0 0
0 0 0 0 0 0 1 0
7 14 15 16 17 18 19 20 14.452 7
1 0 0 0 0 0 0 0
0 1 0 0 0 0 0 0
0 0 1 0 0 0 0 0
0 0 0 1 0 0 0 0
0 0 0 0 1 0 0 0
0 0 0 0 0 1 0 0
0 0 0 0 0 0 1 0
7 21 22 23 24 25 26 27 14.452 7
1 0 0 0 0 0 0 0
0 1 0 0 0 0 0 0
0 0 1 0 0 0 0 0
0 0 0 1 0 0 0 0
0 0 0 0 1 0 0 0
0 0 0 0 0 1 0 0
0 0 0 0 0 0 1 0
7 28 29 30 31 32 33 34 14.452 7
1 0 0 0 0 0 0 0
0 1 0 0 0 0 0 0
0 0 1 0 0 0 0 0
0 0 0 1 0 0 0 0
0 0 0 0 1 0 0 0
0 0 0 0 0 1 0 0
0 0 0 0 0 0 1 0
7 35 36 37 38 39 40 41 14.452 7
1 0 0 0 0 0 0 0
0 1 0 0 0 0 0 0
0 0 1 0 0 0 0 0
0 0 0 1 0 0 0 0
0 0 0 0 1 0 0 0
0 0 0 0 0 1 0 0
0 0 0 0 0 0 1 0
7 42 43 44 45 46 47 48 14.452 7
1 0 0 0 0 0 0 0
0 1 0 0 0 0 0 0
0 0 1 0 0 0 0 0
0 0 0 1 0 0 0 0
0 0 0 0 1 0 0 0
0 0 0 0 0 1 0 0
0 0 0 0 0 0 1 0
7 49 50 51 52 53 54 55 14.452 7
1 0 0 0 0 0 0 0
0 1 0 0 0 0 0 0
0 0 1 0 0 0 0 0
0 0 0 1 0 0 0 0
0 0 0 0 1 0 0 0
0 0 0 0 0 1 0 0
0 0 0 0 0 0 1 0
7 56 57 58 59 60 61 62 14.452 7
1 0 0 0 0 0 0 0
0 1 0 0 0 0 0 0
0 0 1 0 0 0 0 0
0 0 0 1 0 0 0 0
0 0 0 0 1 0 0 0
0 0 0 0 0 1 0 0
0 0 0 0 0 0 1 0
7 63 64 65 66 67 68 69 14.452 7
1 0 0 0 0 0 0 0
0 1 0 0 0 0 0 0
0 0 1 0 0 0 0 0
0 0 0 1 0 0 0 0
0 0 0 0 1 0 0 0
0 0 0 0 0 1 0 0
0 0 0 0 0 0 1 0
7 70 71 72 73 74 75 76 14.452 7
1 0 0 0 0 0 0 0
0 1 0 0 0 0 0 0
0 0 1 0 0 0 0 0
0 0 0 1 0 0 0 0
0 0 0 0 1 0 0 0
0 0 0 0 0 1 0 0
0 0 0 0 0 0 1 0
7 77 78 79 80 81 82 83 14.452 7
1 0 0 0 0 0 0 0
0 1 0 0 0 0 0 0
0 0 1 0 0 0 0 0
0 0 0 1 0 0 0 0
0 0 0 0 1 0 0 0
0 0 0 0 0 1 0 0
0 0 0 0 0 0 1 0
4 4 11 18 25 14.452 4
1 0 0 0 0
0 1 0 0 0
0 0 1 0 0
0 0 0 1 0
4 33 40 47 54 14.452 4
1 0 0 0 0
0 1 0 0 0
0 0 1 0 0
0 0 0 1 0
4 62 69 76 83 14.452 4
1 0 0 0 0
0 1 0 0 0
0 0 1 0 0
0 0 0 1 0
3 23 44 79 0.0000 1
0 0 0 14.452
3 23 51 79 0.0000 1
0 0 0 14.452
3 10 45 73 0.0000 1
0 0 0 14.452
3 10 31 73 0.0000 1
0 0 0 14.452
